293 293 293 293 293 293 293 293 293 293 293 293 293 293 293 293 293 293 293 293 293 293 293 293 293 293 293 293 293 293 293 293 293 293 293 293 293 293 293 293 293 293 293 293 293 293 293 293 293 293 293 293 293 293 293 293 293 293 293 293 293 293 293 293 293 293 293 293 293 293 293 293 293 293 293 293 293 293 293 293 293 293 293 293 293 293 293 293 293 293 293 293 293 293 293 293 293 293 293 293 293 293
293 293 293 293 293 293 293 293 293 293 293 293 293 293 293 293 293 293 293 293 293 293 293 293 293 293 293 293 293 293 293 293 293 293 293 293 293 293 293 293 293 293 293 293 293.003 293.006 293.008 293.009 293.009 293.009 293.009 293.009 293.009 293.009 293.009 293.009 293.009 293.009 293.009 293.009 293.006 293.003 293.001 293 293 293 293 293 293 293 293 293 293 293 293 293 293 293 293 293 293 293 293 293 293 293 293 293 293 293 293 293 293 293 293 293 293 293 293 293 293 293
293 293 293 293 293 293 293 293 293 293 293 293 293 293 293 293 293 293 293 293 293 293 293 293 293 293 293 293 293 293 293 293 293 293 293 293 293 293 293 293.003 293.006 293.008 293.009 293.026 293.072 293.108 293.126 293.134 293.136 293.137 293.138 293.138 293.138 293.138 293.138 293.138 293.138 293.138 293.138 293.121 293.074 293.039 293.02 293.013 293.007 293.003 293.001 293 293 293 293 293 293 293 293 293 293 293 293 293 293 293 293 293 293 293 293 293 293 293 293 293 293 293 293 293 293 293 293 293 293 293
293 293 293 293 293 293 293 293 293 293 293 293 293 293 293 293 293 293 293 293 293 293 293 293 293 293 293 293 293 293 293 293 293 293 293 293 293.003 293.006 293.025 293.072 293.108 293.126 293.168 293.328 293.583 293.764 293.855 293.892 293.905 293.909 293.91 293.91 293.91 293.91 293.91 293.91 293.91 293.91 293.877 293.719 293.465 293.284 293.193 293.14 293.08 293.04 293.021 293.009 293.004 293.001 293 293 293 293 293 293 293 293 293 293 293 293 293 293 293 293 293 293 293 293 293 293 293 293 293 293 293 293 293 293 293 293
293 293 293 293 293 293 293 293 293 293 293 293 293 293 293 293 293 293 293 293 293 293 293 293 293 293 293 293 293 293 293 293 293 293 293.003 293.023 293.071 293.141 293.318 293.579 293.763 293.888 294.155 294.76 295.495 295.992 296.239 296.34 296.376 296.388 296.391 296.393 296.393 296.393 296.393 296.393 296.393 296.359 296.129 295.538 294.807 294.311 294.031 293.772 293.482 293.289 293.178 293.094 293.045 293.019 293.007 293.002 293.001 293 293 293 293 293 293 293 293 293 293 293 293 293 293 293 293 293 293 293 293 293 293 293 293 293 293 293 293 293
293 293 293 293 293 293 293 293 293 293 293 293 293 293 293 293 293 293 293 293 293 293 293 293 293 293 293 293 293 293 293 293 293.003 293.023 293.105 293.3 293.605 294.024 294.709 295.477 296.004 296.412 297.106 298.277 299.511 300.327 300.737 300.909 300.972 300.994 301.001 301.003 301.003 301.003 301.004 301.004 300.987 300.828 300.237 299.102 297.881 297.034 296.396 295.633 294.838 294.287 293.875 293.519 293.284 293.135 293.059 293.023 293.008 293.003 293.001 293 293 293 293 293 293 293 293 293 293 293 293 293 293 293 293 293 293 293 293 293 293 293 293 293 293 293
293 293 293 293 293 293 293 293 293 293 293 293 293 293 293 293 293 293 293 293 293 293 293 293 293 293 293 293 293 293 293.003 293.023 293.105 293.333 293.835 294.632 295.615 296.74 298.134 299.464 300.361 301.035 301.941 303.227 304.497 305.349 305.793 305.987 306.063 306.09 306.098 306.101 306.102 306.102 306.102 306.099 306.053 305.799 305.068 303.847 302.583 301.579 300.546 299.217 297.886 296.817 295.808 294.869 294.15 293.629 293.323 293.148 293.063 293.024 293.008 293.003 293.001 293 293 293 293 293 293 293 293 293 293 293 293 293 293 293 293 293 293 293 293 293 293 293 293 293
293 293 293 293 293 293 293 293 293 293 293 293 293 293 293 293 293 293 293 293 293 293 293 293 293 293 293 293 293.003 293.023 293.105 293.333 293.852 294.791 296.21 297.924 299.659 301.307 302.975 304.409 305.358 306.004 306.701 307.591 308.464 309.078 309.418 309.576 309.641 309.666 309.674 309.677 309.678 309.678 309.678 309.675 309.639 309.458 308.962 308.145 307.254 306.395 305.327 303.932 302.461 301 299.381 297.733 296.253 295.052 294.217 293.652 293.33 293.15 293.063 293.024 293.009 293.003 293.001 293 293 293 293 293 293 293 293 293 293 293 293 293 293 293 293 293 293 293 293 293 293 293
293 293 293 293 293 293 293 293 293 293 293 293 293 293 293 293 293 293 293 293 293 293 293 293 293 293 293.003 293.023 293.105 293.333 293.852 294.794 296.256 298.178 300.393 302.568 304.443 305.968 307.29 308.354 309.06 309.516 309.929 310.405 310.872 311.218 311.421 311.523 311.567 311.585 311.591 311.593 311.594 311.594 311.594 311.593 311.575 311.484 311.238 310.827 310.349 309.831 309.13 308.171 307.028 305.657 303.934 301.936 299.856 297.938 296.332 295.08 294.227 293.654 293.331 293.15 293.063 293.024 293.009 293.003 293.001 293 293 293 293 293 293 293 293 293 293 293 293 293 293 293 293 293 293 293 293 293
293 293 293 293 293 293 293 293 293 293 293 293 293 293 293 293 293 293 293 293 293 293 293 293 293 293.02 293.103 293.333 293.852 294.794 296.256 298.181 300.429 302.749 304.94 306.801 308.246 309.314 310.142 310.77 311.189 311.454 311.664 311.883 312.096 312.26 312.363 312.417 312.443 312.453 312.458 312.459 312.46 312.46 312.46 312.459 312.452 312.415 312.314 312.141 311.929 311.681 311.331 310.833 310.181 309.291 308.02 306.325 304.295 302.102 299.924 297.964 296.34 295.083 294.227 293.655 293.331 293.15 293.06 293.021 293.007 293.002 293.001 293 293 293 293 293 293 293 293 293 293 293 293 293 293 293 293 293 293 293
293 293 293 293 293 293 293 293 293 293 293 293 293 293 293 293 293 293 293 293 293 293 293 293 293.054 293.295 293.833 294.786 296.253 298.18 300.428 302.751 304.959 306.891 308.493 309.73 310.628 311.252 311.699 312.021 312.235 312.369 312.466 312.558 312.644 312.714 312.759 312.785 312.798 312.803 312.806 312.807 312.807 312.807 312.807 312.807 312.804 312.791 312.755 312.691 312.608 312.506 312.36 312.144 311.844 311.399 310.703 309.664 308.236 306.431 304.341 302.12 299.931 297.966 296.341 295.083 294.228 293.638 293.285 293.111 293.039 293.012 293.004 293.001 293 293 293 293 293 293 293 293 293 293 293 293 293 293 293 293 293 293
293 293 293 293 293 293 293 293 293 293 293 293 293 293 293 293 293 293 293 293 293 293 293.003 293.091 293.544 294.587 296.155 298.141 300.414 302.746 304.957 306.892 308.5 309.767 310.729 311.427 311.909 312.231 312.448 312.598 312.696 312.758 312.8 312.836 312.868 312.895 312.914 312.925 312.93 312.933 312.934 312.935 312.935 312.935 312.935 312.935 312.934 312.93 312.918 312.896 312.867 312.83 312.775 312.693 312.574 312.387 312.077 311.575 310.812 309.721 308.262 306.442 304.346 302.122 299.931 297.966 296.307 294.925 293.957 293.41 293.158 293.056 293.018 293.006 293.002 293 293 293 293 293 293 293 293 293 293 293 293 293 293 293 293 293
293 293 293 293 293 293 293 293 293 293 293 293 293 293 293 293 293 293 293 293 293 293.02 293.154 293.741 295.243 297.554 300.132 302.632 304.917 306.878 308.496 309.766 310.732 311.44 311.945 312.295 312.529 312.68 312.778 312.843 312.885 312.911 312.928 312.942 312.954 312.963 312.97 312.975 312.977 312.978 312.979 312.979 312.979 312.979 312.979 312.979 312.979 312.978 312.974 312.967 312.957 312.945 312.926 312.898 312.855 312.786 312.666 312.461 312.125 311.602 310.825 309.727 308.264 306.443 304.346 302.088 299.701 297.341 295.418 294.175 293.53 293.219 293.082 293.028 293.009 293.003 293.001 293 293 293 293 293 293 293 293 293 293 293 293 293 293 293
293 293 293 293 293 293 293 293 293 293 293 293 293 293 293 293 293 293 293 293 293.054 293.315 294.041 295.68 298.411 301.573 304.407 306.67 308.42 309.741 310.724 311.437 311.946 312.299 312.541 312.702 312.806 312.872 312.914 312.941 312.958 312.969 312.975 312.98 312.984 312.988 312.99 312.992 312.993 312.993 312.993 312.993 312.993 312.993 312.994 312.993 312.993 312.993 312.992 312.99 312.987 312.983 312.977 312.968 312.954 312.93 312.888 312.814 312.685 312.472 312.131 311.605 310.826 309.728 308.248 306.285 303.721 300.723 297.888 295.797 294.513 293.741 293.319 293.122 293.042 293.013 293.004 293.001 293 293 293 293 293 293 293 293 293 293 293 293 293 293
293 293 293 293 293 293 293 293 293 293 293 293 293 293 293 293 293 293 293 293.088 293.545 294.635 296.447 299.09 302.333 305.412 307.806 309.483 310.627 311.404 311.935 312.296 312.54 312.703 312.81 312.879 312.924 312.951 312.968 312.979 312.985 312.989 312.992 312.993 312.995 312.996 312.997 312.997 312.998 312.998 312.998 312.998 312.998 312.998 312.998 312.998 312.998 312.998 312.998 312.997 312.996 312.995 312.993 312.99 312.986 312.979 312.965 312.94 312.896 312.818 312.688 312.473 312.131 311.602 310.78 309.457 307.359 304.472 301.339 298.657 296.6 295.036 293.996 293.423 293.159 293.054 293.017 293.005 293.001 293 293 293 293 293 293 293 293 293 293 293 293 293
293 293 293 293 293 293 293 293 293 293 293 293 293 293 293 293 293 293 293.105 293.704 295.227 297.584 300.33 303.237 306.074 308.423 310.092 311.17 311.843 312.263 312.529 312.699 312.809 312.879 312.924 312.953 312.971 312.982 312.988 312.992 312.995 312.996 312.997 312.998 312.998 312.999 312.999 312.999 312.999 312.999 312.999 312.999 312.999 312.999 312.999 312.999 312.999 312.999 312.999 312.999 312.999 312.999 312.998 312.997 312.996 312.994 312.99 312.982 312.968 312.942 312.897 312.819 312.688 312.47 312.092 311.374 310.03 307.913 305.292 302.586 299.927 297.432 295.452 294.17 293.487 293.181 293.061 293.019 293.006 293.002 293 293 293 293 293 293 293 293 293 293 293 293
293 293 293 293 293 293 293 293 293 293 293 293 293 293 293 293 293 293.108 293.75 295.48 298.315 301.552 304.492 306.956 308.968 310.471 311.476 312.095 312.459 312.673 312.8 312.876 312.924 312.953 312.971 312.982 312.989 312.993 312.996 312.997 312.998 312.999 312.999 312.999 312.999 313 313 313 313 313 313 313 313 313 313 313 313 313 313 313 313 313 312.999 312.999 312.999 312.998 312.997 312.995 312.99 312.982 312.968 312.942 312.897 312.817 312.667 312.344 311.665 310.469 308.759 306.573 303.861 300.784 297.878 295.648 294.246 293.514 293.19 293.064 293.02 293.006 293.002 293 293 293 293 293 293 293 293 293 293 293
293 293 293 293 293 293 293 293 293 293 293 293 293 293 293 293 293.105 293.75 295.515 298.495 302.048 305.305 307.804 309.586 310.845 311.702 312.247 312.572 312.756 312.859 312.917 312.951 312.97 312.982 312.989 312.993 312.996 312.998 312.999 312.999 312.999 313 313 313 313 313 313 313 313 313 313 313 313 313 313 313 313 313 313 313 313 313 313 313 313 313 312.999 312.999 312.997 312.995 312.991 312.982 312.968 312.941 312.888 312.762 312.475 311.923 311.016 309.6 307.432 304.472 301.123 298.037 295.713 294.27 293.519 293.189 293.063 293.02 293.006 293.002 293 293 293 293 293 293 293 293 293 293
293 293 293 293 293 293 293 293 293 293 293 293 293 293 293 293.088 293.704 295.48 298.495 302.131 305.548 308.212 310.028 311.185 311.915 312.371 312.646 312.805 312.893 312.941 312.966 312.981 312.989 312.993 312.996 312.998 312.999 312.999 312.999 313 313 313 313 313 313 313 313 313 313 313 313 313 313 313 313 313 313 313 313 313 313 313 313 313 313 313 313 313 312.999 312.999 312.997 312.995 312.991 312.982 312.965 312.921 312.815 312.595 312.189 311.436 310.048 307.772 304.674 301.224 298.081 295.714 294.231 293.486 293.172 293.056 293.017 293.005 293.001 293 293 293 293 293 293 293 293 293
293 293 293 293 293 293 293 293 293 293 293 293 293 293 293.054 293.545 295.227 298.315 302.048 305.548 308.3 310.196 311.379 312.073 312.475 312.707 312.84 312.914 312.954 312.975 312.987 312.993 312.996 312.998 312.999 312.999 313 313 313 313 313 313 313 313 313 313 313 313 313 313 313 313 313 313 313 313 313 313 313 313 313 313 313 313 313 313 313 313 313 313 312.999 312.999 312.997 312.995 312.989 312.975 312.94 312.861 312.703 312.365 311.633 310.206 307.873 304.728 301.215 297.934 295.464 294.051 293.396 293.135 293.043 293.013 293.004 293.001 293 293 293 293 293 293 293 293
293 293 293 293 293 293 293 293 293 293 293 293 293 293.02 293.315 294.635 297.584 301.552 305.305 308.212 310.196 311.43 312.145 312.539 312.752 312.867 312.93 312.963 312.981 312.99 312.995 312.997 312.998 312.999 312.999 313 313 313 313 313 313 313 313 313 313 313 313 313 313 313 313 313 313 313 313 313 313 313 313 313 313 313 313 313 313 313 313 313 313 313 313 313 312.999 312.999 312.997 312.993 312.982 312.956 312.9 312.768 312.442 311.698 310.251 307.865 304.511 300.63 297.205 294.969 293.805 293.295 293.099 293.031 293.009 293.003 293.001 293 293 293 293 293 293 293
293 293 293 293 293 293 293 293 293 293 293 293 293.003 293.154 294.041 296.447 300.33 304.492 307.804 310.028 311.379 312.145 312.559 312.774 312.884 312.941 312.97 312.984 312.992 312.996 312.998 312.999 312.999 313 313 313 313 313 313 313 313 313 313 313 313 313 313 313 313 313 313 313 313 313 313 313 313 313 313 313 313 313 313 313 313 313 313 313 313 313 313 313 313 313 312.999 312.998 312.995 312.987 312.969 312.922 312.795 312.466 311.699 310.103 307.279 303.378 299.409 296.393 294.561 293.63 293.228 293.076 293.023 293.007 293.002 293.001 293 293 293 293 293 293
293 293 293 293 293 293 293 293 293 293 293 293 293.091 293.741 295.68 299.09 303.237 306.956 309.586 311.185 312.073 312.539 312.774 312.89 312.946 312.974 312.987 312.994 312.997 312.998 312.999 313 313 313 313 313 313 313 313 313 313 313 313 313 313 313 313 313 313 313 313 313 313 313 313 313 313 313 313 313 313 313 313 313 313 313 313 313 313 313 313 313 313 313 313 312.999 312.999 312.996 312.991 312.976 312.931 312.8 312.426 311.45 309.375 306.058 302.132 298.564 295.934 294.32 293.519 293.183 293.06 293.018 293.005 293.001 293 293 293 293 293 293
293 293 293 293 293 293 293 293 293 293 293 293.054 293.544 295.243 298.411 302.333 306.074 308.968 310.845 311.915 312.475 312.752 312.884 312.946 312.975 312.988 312.994 312.997 312.999 312.999 313 313 313 313 313 313 313 313 313 313 313 313 313 313 313 313 313 313 313 313 313 313 313 313 313 313 313 313 313 313 313 313 313 313 313 313 313 313 313 313 313 313 313 313 313 313 313 312.999 312.997 312.993 312.979 312.931 312.767 312.246 310.954 308.562 305.213 301.493 298.069 295.523 294.071 293.401 293.137 293.043 293.013 293.004 293.001 293 293 293 293 293
293 293 293 293 293 293 293 293 293 293 293.02 293.295 294.587 297.554 301.573 305.412 308.423 310.471 311.702 312.371 312.707 312.867 312.941 312.974 312.988 312.995 312.998 312.999 312.999 313 313 313 313 313 313 313 313 313 313 313 313 313 313 313 313 313 313 313 313 313 313 313 313 313 313 313 313 313 313 313 313 313 313 313 313 313 313 313 313 313 313 313 313 313 313 313 313 313 312.999 312.998 312.994 312.978 312.914 312.677 312.001 310.546 308.087 304.647 300.701 297.221 294.936 293.771 293.276 293.091 293.028 293.008 293.002 293.001 293 293 293 293
293 293 293 293 293 293 293 293 293 293.003 293.103 293.833 296.155 300.132 304.407 307.806 310.092 311.476 312.247 312.646 312.84 312.93 312.97 312.987 312.994 312.998 312.999 313 313 313 313 313 313 313 313 313 313 313 313 313 313 313 313 313 313 313 313 313 313 313 313 313 313 313 313 313 313 313 313 313 313 313 313 313 313 313 313 313 313 313 313 313 313 313 313 313 313 313 313 312.999 312.998 312.993 312.971 312.877 312.576 311.812 310.194 307.338 303.378 299.267 296.129 294.333 293.502 293.172 293.055 293.016 293.005 293.001 293 293 293 293
293 293 293 293 293 293 293 293 293 293.023 293.333 294.786 298.141 302.632 306.67 309.483 311.17 312.095 312.572 312.805 312.914 312.963 312.984 312.994 312.997 312.999 313 313 313 313 313 313 313 313 313 313 313 313 313 313 313 313 313 313 313 313 313 313 313 313 313 313 313 313 313 313 313 313 313 313 313 313 313 313 313 313 313 313 313 313 313 313 313 313 313 313 313 313 313 313 313 312.998 312.991 312.958 312.837 312.466 311.483 309.364 305.842 301.514 297.661 295.14 293.854 293.306 293.101 293.031 293.009 293.003 293.001 293 293 293
293 293 293 293 293 293 293 293 293.003 293.105 293.852 296.253 300.414 304.917 308.42 310.627 311.843 312.459 312.756 312.893 312.954 312.981 312.992 312.997 312.999 312.999 313 313 313 313 313 313 313 313 313 313 313 313 313 313 313 313 313 313 313 313 313 313 313 313 313 313 313 313 313 313 313 313 313 313 313 313 313 313 313 313 313 313 313 313 313 313 313 313 313 313 313 313 313 313 313 312.999 312.997 312.987 312.943 312.78 312.241 310.805 307.942 303.818 299.523 296.256 294.388 293.524 293.18 293.058 293.017 293.005 293.001 293 293 293
293 293 293 293 293 293 293 293 293.023 293.333 294.794 298.18 302.746 306.878 309.741 311.404 312.263 312.673 312.859 312.941 312.975 312.99 312.996 312.998 312.999 313 313 313 313 313 313 313 313 313 313 313 313 313 313 313 313 313 313 313 313 313 313 313 313 313 313 313 313 313 313 313 313 313 313 313 313 313 313 313 313 313 313 313 313 313 313 313 313 313 313 313 313 313 313 313 313 313 312.999 312.996 312.981 312.914 312.634 311.733 309.625 306.045 301.64 297.728 295.17 293.867 293.312 293.103 293.032 293.009 293.003 293.001 293 293
293 293 293 293 293 293 293 293.003 293.105 293.852 296.256 300.428 304.957 308.496 310.724 311.935 312.529 312.8 312.917 312.966 312.987 312.995 312.998 312.999 313 313 313 313 313 313 313 313 313 313 313 313 313 313 313 313 313 313 313 313 313 313 313 313 313 313 313 313 313 313 313 313 313 313 313 313 313 313 313 313 313 313 313 313 313 313 313 313 313 313 313 313 313 313 313 313 313 313 313 312.999 312.994 312.969 312.839 312.333 310.905 308.025 303.873 299.554 296.271 294.394 293.526 293.181 293.058 293.018 293.005 293.001 293 293
293 293 293 293 293 293 293 293.023 293.333 294.794 298.181 302.751 306.892 309.766 311.437 312.296 312.699 312.876 312.951 312.981 312.993 312.997 312.999 313 313 313 313 313 313 313 313 313 313 313 313 313 313 313 313 313 313 313 313 313 313 313 313 313 313 313 313 313 313 313 313 313 313 313 313 313 313 313 313 313 313 313 313 313 313 313 313 313 313 313 313 313 313 313 313 313 313 313 313 313 312.998 312.99 312.933 312.665 311.769 309.656 306.067 301.653 297.735 295.174 293.868 293.312 293.103 293.032 293.009 293.003 293.001 293
293 293 293 293 293 293 293.003 293.105 293.852 296.256 300.429 304.959 308.5 310.732 311.946 312.54 312.809 312.924 312.97 312.989 312.996 312.998 312.999 313 313 313 313 313 313 313 313 313 313 313 313 313 313 313 313 313 313 313 313 313 313 313 313 313 313 313 313 313 313 313 313 313 313 313 313 313 313 313 313 313 313 313 313 313 313 313 313 313 313 313 313 313 313 313 313 313 313 313 313 313 313 312.997 312.975 312.848 312.344 310.916 308.033 303.878 299.557 296.272 294.395 293.527 293.181 293.058 293.018 293.005 293.001 293
293 293 293 293 293 293 293.023 293.333 294.791 298.178 302.749 306.891 309.767 311.44 312.299 312.703 312.879 312.953 312.982 312.993 312.998 312.999 313 313 313 313 313 313 313 313 313 313 313 313 313 313 313 313 313 313 313 313 313 313 313 313 313 313 313 313 313 313 313 313 313 313 313 313 313 313 313 313 313 313 313 313 313 313 313 313 313 313 313 313 313 313 313 313 313 313 313 313 313 313 313 312.999 312.991 312.936 312.669 311.772 309.659 306.069 301.654 297.735 295.17 293.866 293.311 293.103 293.032 293.009 293.003 293
293 293 293 293 293 293.003 293.105 293.835 296.21 300.393 304.94 308.493 310.729 311.945 312.541 312.81 312.924 312.971 312.989 312.996 312.999 312.999 313 313 313 313 313 313 313 313 313 313 313 313 313 313 313 313 313 313 313 313 313 313 313 313 313 313 313 313 313 313 313 313 313 313 313 313 313 313 313 313 313 313 313 313 313 313 313 313 313 313 313 313 313 313 313 313 313 313 313 313 313 313 313 313 312.997 312.976 312.85 312.345 310.917 308.034 303.878 299.54 296.226 294.359 293.508 293.174 293.055 293.017 293.005 293
293 293 293 293 293 293.023 293.3 294.632 297.924 302.568 306.801 309.73 311.427 312.295 312.702 312.879 312.953 312.982 312.993 312.998 312.999 313 313 313 313 313 313 313 313 313 313 313 313 313 313 313 313 313 313 313 313 313 313 313 313 313 313 313 313 313 313 313 313 313 313 313 313 313 313 313 313 313 313 313 313 313 313 313 313 313 313 313 313 313 313 313 313 313 313 313 313 313 313 313 313 313 312.999 312.991 312.937 312.669 311.772 309.659 306.035 301.496 297.482 294.989 293.775 293.274 293.09 293.028 293.008 293
293 293 293 293 293.003 293.071 293.605 295.615 299.659 304.443 308.246 310.628 311.909 312.529 312.806 312.924 312.971 312.989 312.996 312.999 313 313 313 313 313 313 313 313 313 313 313 313 313 313 313 313 313 313 313 313 313 313 313 313 313 313 313 313 313 313 313 313 313 313 313 313 313 313 313 313 313 313 313 313 313 313 313 313 313 313 313 313 313 313 313 313 313 313 313 313 313 313 313 313 313 313 313 312.997 312.976 312.85 312.345 310.883 307.804 303.287 298.809 295.727 294.11 293.406 293.137 293.043 293.013 293
293 293 293 293 293.006 293.141 294.024 296.74 301.307 305.968 309.314 311.252 312.231 312.68 312.872 312.951 312.982 312.993 312.998 312.999 313 313 313 313 313 313 313 313 313 313 313 313 313 313 313 313 313 313 313 313 313 313 313 313 313 313 313 313 313 313 313 313 313 313 313 313 313 313 313 313 313 313 313 313 313 313 313 313 313 313 313 313 313 313 313 313 313 313 313 313 313 313 313 313 313 313 313 312.999 312.991 312.937 312.652 311.614 309.067 304.9 300.257 296.619 294.542 293.584 293.202 293.065 293.019 293
293 293 293 293 293.025 293.318 294.709 298.134 302.975 307.29 310.142 311.699 312.448 312.778 312.914 312.968 312.988 312.996 312.999 312.999 313 313 313 313 313 313 313 313 313 313 313 313 313 313 313 313 313 313 313 313 313 313 313 313 313 313 313 313 313 313 313 313 313 313 313 313 313 313 313 313 313 313 313 313 313 313 313 313 313 313 313 313 313 313 313 313 313 313 313 313 313 313 313 313 313 313 313 313 312.997 312.972 312.803 312.092 310.152 306.549 301.864 297.661 295.065 293.806 293.286 293.094 293.028 293
293 293 293 293.003 293.072 293.579 295.477 299.464 304.409 308.354 310.77 312.021 312.598 312.843 312.941 312.979 312.992 312.997 312.999 313 313 313 313 313 313 313 313 313 313 313 313 313 313 313 313 313 313 313 313 313 313 313 313 313 313 313 313 313 313 313 313 313 313 313 313 313 313 313 313 313 313 313 313 313 313 313 313 313 313 313 313 313 313 313 313 313 313 313 313 313 313 313 313 313 313 313 313 313 312.999 312.988 312.901 312.471 311.084 307.991 303.288 298.622 295.569 294.029 293.374 293.126 293.038 293
293 293 293 293.006 293.108 293.763 296.004 300.361 305.358 309.06 311.189 312.235 312.696 312.885 312.958 312.985 312.995 312.998 312.999 313 313 313 313 313 313 313 313 313 313 313 313 313 313 313 313 313 313 313 313 313 313 313 313 313 313 313 313 313 313 313 313 313 313 313 313 313 313 313 313 313 313 313 313 313 313 313 313 313 313 313 313 313 313 313 313 313 313 313 313 313 313 313 313 313 313 313 313 313 313 312.996 312.954 312.696 311.654 308.888 304.223 299.322 295.97 294.219 293.452 293.155 293.048 293
293 293 293 293.008 293.126 293.888 296.412 301.035 306.004 309.516 311.454 312.369 312.758 312.911 312.969 312.989 312.996 312.999 313 313 313 313 313 313 313 313 313 313 313 313 313 313 313 313 313 313 313 313 313 313 313 313 313 313 313 313 313 313 313 313 313 313 313 313 313 313 313 313 313 313 313 313 313 313 313 313 313 313 313 313 313 313 313 313 313 313 313 313 313 313 313 313 313 313 313 313 313 313 313 312.999 312.978 312.801 311.924 309.36 304.849 299.931 296.363 294.416 293.536 293.187 293.059 293
293 293 293 293.009 293.168 294.155 297.106 301.941 306.701 309.929 311.664 312.466 312.8 312.928 312.975 312.992 312.997 312.999 313 313 313 313 313 313 313 313 313 313 313 313 313 313 313 313 313 313 313 313 313 313 313 313 313 313 313 313 313 313 313 313 313 313 313 313 313 313 313 313 313 313 313 313 313 313 313 313 313 313 313 313 313 313 313 313 313 313 313 313 313 313 313 313 313 313 313 313 313 313 313 313 312.987 312.842 312.067 309.772 305.644 300.827 296.965 294.718 293.663 293.234 293.074 293
293 293 293 293.026 293.328 294.76 298.277 303.227 307.591 310.405 311.883 312.558 312.836 312.942 312.98 312.993 312.998 312.999 313 313 313 313 313 313 313 313 313 313 313 313 313 313 313 313 313 313 313 313 313 313 313 313 313 313 313 313 313 313 313 313 313 313 313 313 313 313 313 313 313 313 313 313 313 313 313 313 313 313 313 313 313 313 313 313 313 313 313 313 313 313 313 313 313 313 313 313 313 313 313 313 312.99 312.873 312.264 310.43 306.857 302.115 297.823 295.153 293.848 293.304 293.097 293
293 293 293.003 293.072 293.583 295.495 299.511 304.497 308.464 310.872 312.096 312.644 312.868 312.954 312.984 312.995 312.998 312.999 313 313 313 313 313 313 313 313 313 313 313 313 313 313 313 313 313 313 313 313 313 313 313 313 313 313 313 313 313 313 313 313 313 313 313 313 313 313 313 313 313 313 313 313 313 313 313 313 313 313 313 313 313 313 313 313 313 313 313 313 313 313 313 313 313 313 313 313 313 313 313 313 312.994 312.924 312.53 311.183 308.106 303.388 298.687 295.606 294.048 293.382 293.123 293
293 293 293.006 293.108 293.764 295.992 300.327 305.349 309.078 311.218 312.26 312.714 312.895 312.963 312.988 312.996 312.999 313 313 313 313 313 313 313 313 313 313 313 313 313 313 313 313 313 313 313 313 313 313 313 313 313 313 313 313 313 313 313 313 313 313 313 313 313 313 313 313 313 313 313 313 313 313 313 313 313 313 313 313 313 313 313 313 313 313 313 313 313 313 313 313 313 313 313 313 313 313 313 313 313 312.997 312.961 312.715 311.686 308.928 304.242 299.298 295.947 294.208 293.447 293.146 293
293 293 293.008 293.126 293.855 296.239 300.737 305.793 309.418 311.421 312.363 312.759 312.914 312.97 312.99 312.997 312.999 313 313 313 313 313 313 313 313 313 313 313 313 313 313 313 313 313 313 313 313 313 313 313 313 313 313 313 313 313 313 313 313 313 313 313 313 313 313 313 313 313 313 313 313 313 313 313 313 313 313 313 313 313 313 313 313 313 313 313 313 313 313 313 313 313 313 313 313 313 313 313 313 313 312.999 312.98 312.806 311.935 309.339 304.686 299.637 296.149 294.309 293.492 293.163 293
293 293 293.009 293.134 293.892 296.34 300.909 305.987 309.576 311.523 312.417 312.785 312.925 312.975 312.992 312.997 312.999 313 313 313 313 313 313 313 313 313 313 313 313 313 313 313 313 313 313 313 313 313 313 313 313 313 313 313 313 313 313 313 313 313 313 313 313 313 313 313 313 313 313 313 313 313 313 313 313 313 313 313 313 313 313 313 313 313 313 313 313 313 313 313 313 313 313 313 313 313 313 313 313 313 313 312.987 312.843 312.036 309.512 304.881 299.796 296.25 294.363 293.517 293.173 293
293 293 293.009 293.136 293.905 296.376 300.972 306.063 309.641 311.567 312.443 312.798 312.93 312.977 312.993 312.998 312.999 313 313 313 313 313 313 313 313 313 313 313 313 313 313 313 313 313 313 313 313 313 313 313 313 313 313 313 313 313 313 313 313 313 313 313 313 313 313 313 313 313 313 313 313 313 313 313 313 313 313 313 313 313 313 313 313 313 313 313 313 313 313 313 313 313 313 313 313 313 313 313 313 313 313 312.99 312.856 312.072 309.576 304.957 299.861 296.295 294.388 293.53 293.178 293
293 293 293.009 293.137 293.909 296.388 300.994 306.09 309.666 311.585 312.453 312.803 312.933 312.978 312.993 312.998 312.999 313 313 313 313 313 313 313 313 313 313 313 313 313 313 313 313 313 313 313 313 313 313 313 313 313 313 313 313 313 313 313 313 313 313 313 313 313 313 313 313 313 313 313 313 313 313 313 313 313 313 313 313 313 313 313 313 313 313 313 313 313 313 313 313 313 313 313 313 313 313 313 313 313 313 312.991 312.861 312.084 309.597 304.984 299.885 296.312 294.399 293.535 293.18 293
293 293 293.009 293.138 293.91 296.391 301.001 306.098 309.674 311.591 312.458 312.806 312.934 312.979 312.993 312.998 312.999 313 313 313 313 313 313 313 313 313 313 313 313 313 313 313 313 313 313 313 313 313 313 313 313 313 313 313 313 313 313 313 313 313 313 313 313 313 313 313 313 313 313 313 313 313 313 313 313 313 313 313 313 313 313 313 313 313 313 313 313 313 313 313 313 313 313 313 313 313 313 313 313 313 313 312.991 312.862 312.088 309.604 304.993 299.894 296.319 294.403 293.538 293.181 293
293 293 293.009 293.138 293.91 296.393 301.003 306.101 309.677 311.593 312.459 312.807 312.935 312.979 312.993 312.998 312.999 313 313 313 313 313 313 313 313 313 313 313 313 313 313 313 313 313 313 313 313 313 313 313 313 313 313 313 313 313 313 313 313 313 313 313 313 313 313 313 313 313 313 313 313 313 313 313 313 313 313 313 313 313 313 313 313 313 313 313 313 313 313 313 313 313 313 313 313 313 313 313 313 313 313 312.991 312.862 312.089 309.606 304.995 299.896 296.321 294.405 293.538 293.182 293
293 293 293.009 293.138 293.91 296.393 301.003 306.102 309.678 311.594 312.46 312.807 312.935 312.979 312.993 312.998 312.999 313 313 313 313 313 313 313 313 313 313 313 313 313 313 313 313 313 313 313 313 313 313 313 313 313 313 313 313 313 313 313 313 313 313 313 313 313 313 313 313 313 313 313 313 313 313 313 313 313 313 313 313 313 313 313 313 313 313 313 313 313 313 313 313 313 313 313 313 313 313 313 313 313 313 312.991 312.862 312.089 309.607 304.996 299.897 296.322 294.405 293.539 293.182 293
293 293 293.009 293.138 293.91 296.393 301.003 306.102 309.678 311.594 312.46 312.807 312.935 312.979 312.993 312.998 312.999 313 313 313 313 313 313 313 313 313 313 313 313 313 313 313 313 313 313 313 313 313 313 313 313 313 313 313 313 313 313 313 313 313 313 313 313 313 313 313 313 313 313 313 313 313 313 313 313 313 313 313 313 313 313 313 313 313 313 313 313 313 313 313 313 313 313 313 313 313 313 313 313 313 313 312.991 312.862 312.089 309.607 304.996 299.898 296.322 294.405 293.539 293.182 293
293 293 293.009 293.138 293.91 296.393 301.004 306.102 309.678 311.594 312.46 312.807 312.935 312.979 312.994 312.998 312.999 313 313 313 313 313 313 313 313 313 313 313 313 313 313 313 313 313 313 313 313 313 313 313 313 313 313 313 313 313 313 313 313 313 313 313 313 313 313 313 313 313 313 313 313 313 313 313 313 313 313 313 313 313 313 313 313 313 313 313 313 313 313 313 313 313 313 313 313 313 313 313 313 313 313 312.991 312.862 312.09 309.607 304.993 299.895 296.32 294.405 293.539 293.182 293
293 293 293.009 293.138 293.91 296.393 301.004 306.099 309.675 311.593 312.459 312.807 312.935 312.979 312.993 312.998 312.999 313 313 313 313 313 313 313 313 313 313 313 313 313 313 313 313 313 313 313 313 313 313 313 313 313 313 313 313 313 313 313 313 313 313 313 313 313 313 313 313 313 313 313 313 313 313 313 313 313 313 313 313 313 313 313 313 313 313 313 313 313 313 313 313 313 313 313 313 313 313 313 313 313 313 312.991 312.862 312.09 309.59 304.947 299.859 296.302 294.397 293.536 293.181 293
293 293 293.009 293.138 293.91 296.393 300.987 306.053 309.639 311.575 312.452 312.804 312.934 312.979 312.993 312.998 312.999 313 313 313 313 313 313 313 313 313 313 313 313 313 313 313 313 313 313 313 313 313 313 313 313 313 313 313 313 313 313 313 313 313 313 313 313 313 313 313 313 313 313 313 313 313 313 313 313 313 313 313 313 313 313 313 313 313 313 313 313 313 313 313 313 313 313 313 313 313 313 313 313 313 313 312.991 312.862 312.056 309.432 304.693 299.677 296.212 294.361 293.523 293.177 293
293 293 293.009 293.138 293.91 296.359 300.828 305.799 309.458 311.484 312.415 312.791 312.93 312.978 312.993 312.998 312.999 313 313 313 313 313 313 313 313 313 313 313 313 313 313 313 313 313 313 313 313 313 313 313 313 313 313 313 313 313 313 313 313 313 313 313 313 313 313 313 313 313 313 313 313 313 313 313 313 313 313 313 313 313 313 313 313 313 313 313 313 313 313 313 313 313 313 313 313 313 313 313 313 313 313 312.991 312.829 311.826 308.841 303.962 299.181 295.965 294.26 293.487 293.165 293
293 293 293.009 293.138 293.877 296.129 300.237 305.068 308.962 311.238 312.314 312.755 312.918 312.974 312.992 312.998 312.999 313 313 313 313 313 313 313 313 313 313 313 313 313 313 313 313 313 313 313 313 313 313 313 313 313 313 313 313 313 313 313 313 313 313 313 313 313 313 313 313 313 313 313 313 313 313 313 313 313 313 313 313 313 313 313 313 313 313 313 313 313 313 313 313 313 313 313 313 313 313 313 313 313 313 312.974 312.67 311.234 307.706 302.741 298.368 295.557 294.088 293.423 293.145 293
293 293 293.009 293.121 293.719 295.538 299.102 303.847 308.145 310.827 312.141 312.691 312.896 312.967 312.99 312.997 312.999 313 313 313 313 313 313 313 313 313 313 313 313 313 313 313 313 313 313 313 313 313 313 313 313 313 313 313 313 313 313 313 313 313 313 313 313 313 313 313 313 313 313 313 313 313 313 313 313 313 313 313 313 313 313 313 313 313 313 313 313 313 313 313 313 313 313 313 313 313 313 313 313 313 312.997 312.928 312.417 310.503 306.481 301.491 297.521 295.114 293.894 293.348 293.12 293
293 293 293.006 293.074 293.465 294.807 297.881 302.583 307.254 310.349 311.929 312.608 312.867 312.957 312.987 312.996 312.999 313 313 313 313 313 313 313 313 313 313 313 313 313 313 313 313 313 313 313 313 313 313 313 313 313 313 313 313 313 313 313 313 313 313 313 313 313 313 313 313 313 313 313 313 313 313 313 313 313 313 313 313 313 313 313 313 313 313 313 313 313 313 313 313 313 313 313 313 313 313 313 313 313 312.994 312.892 312.236 309.99 305.622 300.609 296.898 294.77 293.734 293.282 293.097 293
293 293 293.003 293.039 293.284 294.311 297.034 301.579 306.395 309.831 311.681 312.506 312.83 312.945 312.983 312.995 312.999 313 313 313 313 313 313 313 313 313 313 313 313 313 313 313 313 313 313 313 313 313 313 313 313 313 313 313 313 313 313 313 313 313 313 313 313 313 313 313 313 313 313 313 313 313 313 313 313 313 313 313 313 313 313 313 313 313 313 313 313 313 313 313 313 313 313 313 313 313 313 313 313 313 312.992 312.874 312.111 309.586 304.96 299.986 296.471 294.533 293.62 293.234 293.079 293
293 293 293.001 293.02 293.193 294.031 296.396 300.546 305.327 309.13 311.331 312.36 312.775 312.926 312.977 312.993 312.998 312.999 313 313 313 313 313 313 313 313 313 313 313 313 313 313 313 313 313 313 313 313 313 313 313 313 313 313 313 313 313 313 313 313 313 313 313 313 313 313 313 313 313 313 313 313 313 313 313 313 313 313 313 313 313 313 313 313 313 313 313 313 313 313 313 313 313 313 313 313 313 313 313 313 312.991 312.832 311.845 308.89 304.054 299.294 296.066 294.331 293.53 293.197 293.066 293
293 293 293 293.013 293.14 293.772 295.633 299.217 303.932 308.171 310.833 312.144 312.693 312.898 312.968 312.99 312.997 312.999 313 313 313 313 313 313 313 313 313 313 313 313 313 313 313 313 313 313 313 313 313 313 313 313 313 313 313 313 313 313 313 313 313 313 313 313 313 313 313 313 313 313 313 313 313 313 313 313 313 313 313 313 313 313 313 313 313 313 313 313 313 313 313 313 313 313 313 313 313 313 313 313 312.974 312.672 311.223 307.673 302.733 298.388 295.586 294.113 293.44 293.163 293.054 293
293 293 293 293.007 293.08 293.482 294.838 297.886 302.461 307.028 310.181 311.844 312.574 312.855 312.954 312.986 312.996 312.999 313 313 313 313 313 313 313 313 313 313 313 313 313 313 313 313 313 313 313 313 313 313 313 313 313 313 313 313 313 313 313 313 313 313 313 313 313 313 313 313 313 313 313 313 313 313 313 313 313 313 313 313 313 313 313 313 313 313 313 313 313 313 313 313 313 313 313 313 313 313 313 312.997 312.928 312.384 310.327 306.183 301.281 297.425 295.082 293.888 293.35 293.13 293.043 293
293 293 293 293.003 293.04 293.289 294.287 296.817 301 305.657 309.291 311.399 312.387 312.786 312.93 312.979 312.994 312.998 313 313 313 313 313 313 313 313 313 313 313 313 313 313 313 313 313 313 313 313 313 313 313 313 313 313 313 313 313 313 313 313 313 313 313 313 313 313 313 313 313 313 313 313 313 313 313 313 313 313 313 313 313 313 313 313 313 313 313 313 313 313 313 313 313 313 313 313 313 313 313 312.994 312.858 311.955 309.192 304.6 299.915 296.557 294.634 293.687 293.269 293.099 293.033 293
293 293 293 293.001 293.021 293.178 293.875 295.808 299.381 303.934 308.02 310.703 312.077 312.666 312.888 312.965 312.99 312.997 312.999 313 313 313 313 313 313 313 313 313 313 313 313 313 313 313 313 313 313 313 313 313 313 313 313 313 313 313 313 313 313 313 313 313 313 313 313 313 313 313 313 313 313 313 313 313 313 313 313 313 313 313 313 313 313 313 313 313 313 313 313 313 313 313 313 313 313 313 313 313 313 312.975 312.648 311.112 307.554 302.786 298.567 295.772 294.245 293.516 293.201 293.074 293.025 293
293 293 293 293 293.009 293.094 293.519 294.869 297.733 301.936 306.325 309.664 311.575 312.461 312.814 312.94 312.982 312.995 312.999 313 313 313 313 313 313 313 313 313 313 313 313 313 313 313 313 313 313 313 313 313 313 313 313 313 313 313 313 313 313 313 313 313 313 313 313 313 313 313 313 313 313 313 313 313 313 313 313 313 313 313 313 313 313 313 313 313 313 313 313 313 313 313 313 313 313 313 313 313 312.997 312.895 312.14 309.706 305.465 300.852 297.273 295.069 293.913 293.374 293.144 293.053 293.018 293
293 293 293 293 293.004 293.045 293.284 294.15 296.253 299.856 304.295 308.236 310.812 312.125 312.685 312.896 312.968 312.99 312.997 312.999 313 313 313 313 313 313 313 313 313 313 313 313 313 313 313 313 313 313 313 313 313 313 313 313 313 313 313 313 313 313 313 313 313 313 313 313 313 313 313 313 313 313 313 313 313 313 313 313 313 313 313 313 313 313 313 313 313 313 313 313 313 313 313 313 313 313 313 313 312.977 312.666 311.203 307.806 303.211 299.039 296.147 294.482 293.643 293.261 293.1 293.037 293.012 293
293 293 293 293 293.001 293.019 293.135 293.629 295.052 297.938 302.102 306.431 309.721 311.602 312.472 312.818 312.942 312.982 312.995 312.999 313 313 313 313 313 313 313 313 313 313 313 313 313 313 313 313 313 313 313 313 313 313 313 313 313 313 313 313 313 313 313 313 313 313 313 313 313 313 313 313 313 313 313 313 313 313 313 313 313 313 313 313 313 313 313 313 313 313 313 313 313 313 313 313 313 313 313 312.997 312.895 312.148 309.743 305.567 301.029 297.477 295.239 294.025 293.437 293.176 293.067 293.025 293.008 293
293 293 293 293 293 293.007 293.059 293.323 294.217 296.332 299.924 304.341 308.262 310.825 312.131 312.688 312.897 312.968 312.991 312.997 312.999 313 313 313 313 313 313 313 313 313 313 313 313 313 313 313 313 313 313 313 313 313 313 313 313 313 313 313 313 313 313 313 313 313 313 313 313 313 313 313 313 313 313 313 313 313 313 313 313 313 313 313 313 313 313 313 313 313 313 313 313 313 313 313 313 313 313 312.977 312.667 311.206 307.819 303.248 299.104 296.225 294.551 293.691 293.289 293.115 293.044 293.016 293.005 293
293 293 293 293 293 293.002 293.023 293.148 293.652 295.08 297.964 302.12 306.442 309.727 311.605 312.473 312.819 312.942 312.982 312.995 312.999 313 313 313 313 313 313 313 313 313 313 313 313 313 313 313 313 313 313 313 313 313 313 313 313 313 313 313 313 313 313 313 313 313 313 313 313 313 313 313 313 313 313 313 313 313 313 313 313 313 313 313 313 313 313 313 313 313 313 313 313 313 313 313 313 313 312.997 312.895 312.148 309.744 305.571 301.041 297.499 295.266 294.051 293.456 293.187 293.074 293.028 293.01 293.003 293
293 293 293 293 293 293.001 293.008 293.063 293.33 294.227 296.34 299.931 304.346 308.264 310.826 312.131 312.688 312.897 312.968 312.991 312.997 312.999 313 313 313 313 313 313 313 313 313 313 313 313 313 313 313 313 313 313 313 313 313 313 313 313 313 313 313 313 313 313 313 313 313 313 313 313 313 313 313 313 313 313 313 313 313 313 313 313 313 313 313 313 313 313 313 313 313 313 313 313 313 313 313 313 312.977 312.667 311.206 307.819 303.249 299.108 296.232 294.56 293.7 293.296 293.119 293.046 293.017 293.006 293.002 293
293 293 293 293 293 293 293.003 293.024 293.15 293.654 295.083 297.966 302.122 306.443 309.728 311.602 312.47 312.817 312.941 312.982 312.995 312.999 313 313 313 313 313 313 313 313 313 313 313 313 313 313 313 313 313 313 313 313 313 313 313 313 313 313 313 313 313 313 313 313 313 313 313 313 313 313 313 313 313 313 313 313 313 313 313 313 313 313 313 313 313 313 313 313 313 313 313 313 313 313 313 312.997 312.895 312.144 309.741 305.57 301.041 297.5 295.268 294.054 293.459 293.19 293.075 293.029 293.011 293.004 293.001 293
