293 293 293 293 293 293 293 293 293 293 293 293 293 293 293 293 293 293 293 293 293 293 293 293 293 293 293 293 293 293 293 293 293 293 293 293 293 293 293 293 293 293 293 293 293 293 293 293 293 293 293 293 293 293 293 293 293 293 293 293 293 293 293 293 293 293 293 293 293 293 293 293 293 293 293 293 293 293 293 293 293 293 293 293 293 293 293 293 293 293 293 293 293 293 293 293 293 293 293 293 293 293
293 293 293 293 293 293 293 293 293 293 293 293 293 293 293 293 293 293 293 293 293 293 293 293 293 293 293.001 293.003 293.005 293.01 293.019 293.034 293.056 293.087 293.128 293.18 293.242 293.312 293.387 293.467 293.551 293.64 293.731 293.822 293.907 293.981 294.039 294.083 294.113 294.132 294.144 294.15 294.152 294.15 294.143 294.126 294.095 294.047 293.983 293.904 293.815 293.722 293.628 293.537 293.45 293.37 293.297 293.233 293.178 293.132 293.095 293.066 293.045 293.03 293.019 293.012 293.007 293.004 293.003 293.001 293.001 293 293 293 293 293 293 293 293 293 293 293 293 293 293 293 293 293 293 293 293 293
293 293 293 293 293 293 293 293 293 293 293 293 293 293 293 293 293 293 293 293 293 293 293 293 293.001 293.003 293.006 293.011 293.022 293.039 293.068 293.111 293.174 293.258 293.366 293.496 293.645 293.808 293.98 294.159 294.343 294.533 294.726 294.914 295.087 295.236 295.354 295.442 295.503 295.542 295.566 295.578 295.583 295.578 295.56 295.522 295.456 295.355 295.22 295.056 294.871 294.675 294.475 294.277 294.087 293.906 293.74 293.59 293.459 293.347 293.255 293.183 293.128 293.087 293.057 293.037 293.023 293.014 293.009 293.005 293.003 293.002 293.001 293 293 293 293 293 293 293 293 293 293 293 293 293 293 293 293 293 293 293
293 293 293 293 293 293 293 293 293 293 293 293 293 293 293 293 293 293 293 293 293 293 293.001 293.002 293.005 293.011 293.021 293.04 293.07 293.117 293.188 293.29 293.427 293.603 293.817 294.064 294.337 294.626 294.923 295.222 295.523 295.825 296.124 296.411 296.671 296.893 297.069 297.199 297.29 297.348 297.383 297.402 297.407 297.398 297.369 297.307 297.202 297.046 296.838 296.586 296.3 295.992 295.673 295.352 295.036 294.73 294.44 294.172 293.931 293.721 293.545 293.401 293.288 293.202 293.138 293.093 293.06 293.038 293.024 293.014 293.008 293.005 293.003 293.001 293.001 293 293 293 293 293 293 293 293 293 293 293 293 293 293 293 293 293
293 293 293 293 293 293 293 293 293 293 293 293 293 293 293 293 293 293 293 293 293 293.002 293.004 293.009 293.019 293.038 293.068 293.117 293.191 293.299 293.451 293.654 293.912 294.227 294.592 294.996 295.427 295.867 296.306 296.737 297.158 297.569 297.966 298.339 298.674 298.956 299.18 299.345 299.46 299.534 299.579 299.602 299.609 299.595 299.553 299.469 299.329 299.124 298.852 298.52 298.14 297.726 297.289 296.838 296.383 295.93 295.49 295.072 294.686 294.341 294.041 293.789 293.585 293.424 293.3 293.208 293.141 293.093 293.059 293.037 293.022 293.013 293.007 293.004 293.002 293.001 293.001 293 293 293 293 293 293 293 293 293 293 293 293 293 293 293
293 293 293 293 293 293 293 293 293 293 293 293 293 293 293 293 293 293 293 293.001 293.002 293.006 293.015 293.032 293.062 293.111 293.186 293.297 293.454 293.668 293.949 294.303 294.73 295.225 295.775 296.36 296.96 297.556 298.132 298.682 299.205 299.702 300.17 300.602 300.985 301.305 301.557 301.744 301.874 301.959 302.01 302.037 302.043 302.025 301.974 301.875 301.711 301.473 301.159 300.772 300.325 299.829 299.294 298.728 298.141 297.542 296.942 296.356 295.799 295.284 294.825 294.426 294.091 293.818 293.599 293.43 293.301 293.205 293.136 293.087 293.054 293.032 293.019 293.01 293.006 293.003 293.001 293.001 293 293 293 293 293 293 293 293 293 293 293 293 293 293
293 293 293 293 293 293 293 293 293 293 293 293 293 293 293 293 293 293 293.001 293.004 293.01 293.023 293.049 293.095 293.169 293.28 293.44 293.66 293.95 294.321 294.779 295.325 295.952 296.645 297.384 298.142 298.895 299.619 300.3 300.933 301.518 302.06 302.56 303.012 303.407 303.736 303.994 304.186 304.319 304.407 304.46 304.488 304.493 304.474 304.42 304.316 304.146 303.9 303.574 303.169 302.695 302.158 301.565 300.923 300.238 299.518 298.777 298.031 297.299 296.604 295.962 295.386 294.885 294.459 294.106 293.821 293.594 293.418 293.286 293.189 293.121 293.074 293.044 293.025 293.014 293.008 293.004 293.002 293.001 293 293 293 293 293 293 293 293 293 293 293 293 293
293 293 293 293 293 293 293 293 293 293 293 293 293 293 293 293 293.001 293.002 293.005 293.014 293.033 293.069 293.134 293.24 293.399 293.621 293.919 294.3 294.773 295.342 296.006 296.759 297.584 298.459 299.355 300.244 301.098 301.898 302.63 303.292 303.889 304.429 304.916 305.349 305.722 306.031 306.274 306.454 306.579 306.662 306.713 306.74 306.745 306.727 306.676 306.578 306.42 306.19 305.884 305.5 305.042 304.513 303.917 303.253 302.524 301.736 300.9 300.033 299.157 298.297 297.476 296.714 296.026 295.419 294.895 294.452 294.085 293.788 293.555 293.378 293.249 293.158 293.097 293.058 293.033 293.018 293.01 293.005 293.003 293.001 293.001 293 293 293 293 293 293 293 293 293 293 293
293 293 293 293 293 293 293 293 293 293 293 293 293 293 293 293.001 293.002 293.007 293.019 293.044 293.092 293.179 293.321 293.533 293.83 294.22 294.708 295.297 295.985 296.768 297.635 298.572 299.555 300.556 301.546 302.497 303.385 304.194 304.916 305.553 306.114 306.609 307.046 307.428 307.754 308.022 308.232 308.388 308.497 308.57 308.615 308.639 308.644 308.629 308.585 308.503 308.369 308.174 307.911 307.578 307.174 306.698 306.148 305.519 304.809 304.019 303.155 302.232 301.27 300.295 299.332 298.407 297.538 296.741 296.023 295.389 294.84 294.378 294 293.703 293.478 293.314 293.199 293.122 293.072 293.041 293.023 293.012 293.006 293.003 293.001 293.001 293 293 293 293 293 293 293 293 293 293
293 293 293 293 293 293 293 293 293 293 293 293 293 293 293.001 293.003 293.009 293.024 293.056 293.118 293.228 293.407 293.675 294.051 294.543 295.15 295.867 296.684 297.587 298.562 299.592 300.654 301.725 302.775 303.78 304.716 305.567 306.323 306.982 307.55 308.039 308.461 308.825 309.138 309.402 309.618 309.787 309.913 310.002 310.061 310.098 310.118 310.123 310.112 310.078 310.015 309.911 309.759 309.552 309.287 308.959 308.564 308.097 307.549 306.913 306.184 305.363 304.459 303.488 302.469 301.43 300.394 299.383 298.416 297.507 296.668 295.911 295.245 294.68 294.218 293.855 293.581 293.381 293.242 293.148 293.087 293.05 293.027 293.014 293.007 293.004 293.002 293.001 293 293 293 293 293 293 293 293 293
293 293 293 293 293 293 293 293 293 293 293 293 293 293.001 293.004 293.011 293.029 293.069 293.145 293.279 293.495 293.819 294.272 294.865 295.594 296.445 297.398 298.426 299.507 300.618 301.739 302.847 303.921 304.94 305.885 306.74 307.497 308.155 308.715 309.188 309.586 309.922 310.207 310.447 310.647 310.81 310.937 311.032 311.1 311.145 311.174 311.19 311.194 311.187 311.163 311.118 311.044 310.935 310.784 310.588 310.342 310.039 309.672 309.23 308.704 308.083 307.363 306.546 305.639 304.658 303.621 302.549 301.46 300.374 299.308 298.279 297.311 296.425 295.643 294.978 294.435 294.008 293.684 293.449 293.284 293.173 293.102 293.057 293.031 293.016 293.008 293.004 293.002 293.001 293 293 293 293 293 293 293 293
293 293 293 293 293 293 293 293 293 293 293 293 293.001 293.004 293.012 293.034 293.08 293.171 293.329 293.584 293.962 294.487 295.172 296.014 296.994 298.08 299.233 300.42 301.61 302.779 303.908 304.981 305.983 306.903 307.731 308.462 309.093 309.629 310.076 310.446 310.751 311.003 311.212 311.386 311.529 311.645 311.735 311.802 311.851 311.883 311.904 311.916 311.92 311.915 311.9 311.871 311.821 311.748 311.647 311.512 311.34 311.124 310.856 310.525 310.12 309.629 309.044 308.359 307.576 306.7 305.741 304.712 303.624 302.492 301.329 300.159 299.01 297.916 296.911 296.022 295.266 294.646 294.156 293.784 293.513 293.323 293.196 293.114 293.064 293.034 293.018 293.009 293.004 293.002 293.001 293 293 293 293 293 293 293
293 293 293 293 293 293 293 293 293 293 293 293.001 293.004 293.013 293.036 293.088 293.191 293.373 293.665 294.097 294.691 295.461 296.401 297.493 298.697 299.966 301.255 302.522 303.737 304.882 305.943 306.914 307.79 308.57 309.252 309.838 310.334 310.745 311.083 311.356 311.577 311.756 311.902 312.022 312.119 312.196 312.257 312.302 312.335 312.357 312.371 312.379 312.382 312.38 312.371 312.353 312.323 312.277 312.212 312.126 312.013 311.869 311.686 311.455 311.164 310.803 310.36 309.826 309.197 308.47 307.646 306.727 305.715 304.615 303.436 302.196 300.928 299.671 298.47 297.363 296.38 295.537 294.843 294.292 293.873 293.567 293.354 293.212 293.122 293.068 293.036 293.018 293.009 293.004 293.002 293.001 293 293 293 293 293 293
293 293 293 293 293 293 293 293 293 293 293.001 293.004 293.012 293.036 293.091 293.203 293.403 293.729 294.212 294.873 295.722 296.752 297.937 299.238 300.604 301.98 303.317 304.578 305.74 306.79 307.728 308.556 309.279 309.902 310.433 310.879 311.247 311.547 311.788 311.981 312.133 312.254 312.351 312.429 312.492 312.542 312.58 312.609 312.63 312.644 312.654 312.659 312.662 312.661 312.656 312.645 312.627 312.6 312.562 312.51 312.44 312.35 312.233 312.081 311.886 311.637 311.324 310.935 310.463 309.9 309.239 308.473 307.594 306.596 305.48 304.256 302.952 301.606 300.264 298.974 297.776 296.704 295.778 295.012 294.403 293.94 293.605 293.374 293.221 293.126 293.069 293.036 293.018 293.009 293.004 293.002 293.001 293 293 293 293 293
293 293 293 293 293 293 293 293 293 293.001 293.003 293.011 293.034 293.088 293.203 293.414 293.764 294.289 295.012 295.938 297.053 298.325 299.708 301.149 302.593 303.985 305.284 306.462 307.507 308.418 309.203 309.871 310.437 310.911 311.304 311.626 311.887 312.096 312.26 312.389 312.49 312.568 312.63 312.679 312.718 312.748 312.772 312.789 312.802 312.811 312.817 312.82 312.822 312.821 312.819 312.813 312.803 312.788 312.767 312.737 312.697 312.643 312.572 312.479 312.356 312.195 311.986 311.721 311.389 310.981 310.484 309.886 309.171 308.324 307.335 306.206 304.952 303.603 302.2 300.79 299.419 298.134 296.974 295.969 295.136 294.477 293.98 293.623 293.379 293.221 293.124 293.066 293.034 293.017 293.008 293.004 293.002 293.001 293 293 293 293
293 293 293 293 293 293 293 293 293.001 293.002 293.009 293.029 293.08 293.191 293.403 293.764 294.316 295.088 296.082 297.279 298.636 300.098 301.606 303.102 304.534 305.859 307.049 308.09 308.981 309.732 310.356 310.871 311.294 311.638 311.916 312.139 312.316 312.455 312.563 312.646 312.709 312.758 312.796 312.825 312.848 312.866 312.88 312.89 312.898 312.903 312.906 312.908 312.909 312.909 312.908 312.905 312.9 312.892 312.881 312.864 312.842 312.812 312.772 312.717 312.644 312.545 312.415 312.245 312.025 311.747 311.396 310.957 310.41 309.735 308.915 307.938 306.808 305.54 304.161 302.71 301.233 299.781 298.409 297.167 296.09 295.202 294.504 293.985 293.617 293.37 293.213 293.117 293.062 293.031 293.015 293.007 293.003 293.001 293.001 293 293 293
293 293 293 293 293 293 293 293 293.002 293.007 293.024 293.069 293.171 293.373 293.729 294.289 295.088 296.133 297.401 298.84 300.384 301.962 303.511 304.977 306.321 307.517 308.552 309.426 310.15 310.741 311.216 311.597 311.9 312.14 312.329 312.477 312.592 312.681 312.749 312.8 312.839 312.868 312.891 312.908 312.921 312.931 312.939 312.945 312.949 312.952 312.954 312.955 312.956 312.956 312.955 312.954 312.951 312.947 312.941 312.933 312.921 312.905 312.883 312.853 312.811 312.754 312.677 312.574 312.437 312.257 312.024 311.72 311.327 310.821 310.18 309.386 308.429 307.307 306.03 304.621 303.117 301.568 300.034 298.579 297.262 296.127 295.201 294.483 293.956 293.59 293.348 293.197 293.107 293.056 293.028 293.013 293.006 293.003 293.001 293.001 293 293
293 293 293 293 293 293 293 293.001 293.005 293.019 293.056 293.145 293.329 293.665 294.212 295.012 296.082 297.401 298.911 300.536 302.193 303.805 305.314 306.681 307.882 308.911 309.77 310.473 311.037 311.482 311.831 312.101 312.311 312.472 312.596 312.691 312.763 312.818 312.859 312.89 312.913 312.93 312.943 312.953 312.96 312.965 312.97 312.973 312.975 312.977 312.978 312.979 312.979 312.979 312.979 312.978 312.977 312.975 312.972 312.968 312.962 312.954 312.942 312.927 312.904 312.873 312.829 312.77 312.689 312.579 312.432 312.233 311.966 311.608 311.137 310.529 309.763 308.826 307.708 306.414 304.964 303.397 301.769 300.152 298.622 297.247 296.077 295.134 294.416 293.899 293.546 293.318 293.177 293.095 293.049 293.024 293.011 293.005 293.002 293.001 293 293
293 293 293 293 293 293 293.001 293.004 293.014 293.044 293.118 293.279 293.584 294.097 294.873 295.938 297.279 298.84 300.536 302.273 303.96 305.528 306.933 308.152 309.182 310.032 310.717 311.26 311.682 312.007 312.253 312.439 312.579 312.684 312.763 312.822 312.866 312.899 312.923 312.941 312.954 312.964 312.971 312.976 312.98 312.983 312.985 312.987 312.988 312.989 312.99 312.99 312.99 312.99 312.99 312.99 312.989 312.988 312.987 312.985 312.982 312.978 312.973 312.965 312.953 312.937 312.913 312.881 312.835 312.772 312.684 312.56 312.388 312.149 311.821 311.381 310.802 310.06 309.132 308.004 306.677 305.169 303.526 301.816 300.123 298.536 297.128 295.949 295.016 294.318 293.824 293.493 293.282 293.155 293.082 293.041 293.02 293.009 293.004 293.002 293.001 293
293 293 293 293 293 293 293.002 293.01 293.033 293.092 293.228 293.495 293.962 294.691 295.722 297.053 298.636 300.384 302.193 303.96 305.602 307.065 308.321 309.369 310.22 310.897 311.425 311.83 312.137 312.365 312.534 312.658 312.749 312.816 312.864 312.9 312.926 312.945 312.959 312.969 312.976 312.982 312.986 312.988 312.99 312.992 312.993 312.994 312.995 312.995 312.995 312.996 312.996 312.996 312.996 312.996 312.995 312.995 312.994 312.993 312.992 312.99 312.987 312.984 312.978 312.97 312.958 312.941 312.916 312.881 312.831 312.758 312.653 312.501 312.285 311.982 311.567 311.009 310.277 309.341 308.183 306.8 305.217 303.491 301.705 299.956 298.338 296.928 295.766 294.863 294.2 293.738 293.435 293.245 293.132 293.068 293.034 293.016 293.008 293.003 293.001 293
293 293 293 293 293 293.002 293.006 293.023 293.069 293.179 293.407 293.819 294.487 295.461 296.752 298.325 300.098 301.962 303.805 305.528 307.065 308.379 309.465 310.335 311.018 311.541 311.937 312.23 312.446 312.603 312.715 312.796 312.854 312.895 312.924 312.945 312.96 312.971 312.979 312.984 312.988 312.991 312.993 312.994 312.995 312.996 312.997 312.997 312.998 312.998 312.998 312.998 312.998 312.998 312.998 312.998 312.998 312.998 312.998 312.997 312.997 312.996 312.994 312.993 312.99 312.986 312.98 312.972 312.959 312.941 312.913 312.872 312.811 312.719 312.584 312.386 312.102 311.702 311.151 310.41 309.443 308.23 306.772 305.106 303.302 301.458 299.679 298.06 296.671 295.547 294.688 294.068 293.646 293.373 293.206 293.109 293.056 293.027 293.013 293.006 293.002 293
293 293 293 293 293.001 293.004 293.015 293.049 293.134 293.321 293.675 294.272 295.172 296.401 297.937 299.708 301.606 303.511 305.314 306.933 308.321 309.465 310.375 311.079 311.612 312.007 312.295 312.503 312.651 312.756 312.829 312.88 312.916 312.941 312.958 312.97 312.979 312.985 312.989 312.992 312.994 312.996 312.997 312.997 312.998 312.998 312.999 312.999 312.999 312.999 312.999 312.999 312.999 312.999 312.999 312.999 312.999 312.999 312.999 312.999 312.999 312.998 312.998 312.997 312.996 312.994 312.991 312.987 312.981 312.971 312.957 312.935 312.901 312.848 312.767 312.644 312.458 312.185 311.787 311.224 310.452 309.431 308.144 306.603 304.857 302.99 301.109 299.322 297.721 296.371 295.298 294.495 293.928 293.55 293.311 293.169 293.088 293.044 293.021 293.01 293.004 293
293 293 293 293 293.002 293.009 293.032 293.095 293.24 293.533 294.051 294.865 296.014 297.493 299.238 301.149 303.102 304.977 306.681 308.152 309.369 310.335 311.079 311.635 312.042 312.333 312.54 312.684 312.784 312.852 312.899 312.931 312.953 312.967 312.977 312.984 312.989 312.992 312.994 312.996 312.997 312.998 312.998 312.999 312.999 312.999 312.999 312.999 313 313 313 313 313 313 313 313 313 313 313 312.999 312.999 312.999 312.999 312.999 312.998 312.997 312.996 312.994 312.991 312.987 312.98 312.968 312.95 312.921 312.875 312.801 312.685 312.505 312.23 311.82 311.226 310.401 309.31 307.94 306.316 304.498 302.581 300.676 298.895 297.328 296.032 295.025 294.289 293.783 293.454 293.251 293.133 293.068 293.033 293.015 293.006 293
293 293 293 293.001 293.005 293.019 293.062 293.169 293.399 293.83 294.543 295.594 296.994 298.697 300.604 302.593 304.534 306.321 307.882 309.182 310.22 311.018 311.612 312.042 312.346 312.558 312.703 312.801 312.868 312.912 312.941 312.961 312.974 312.982 312.988 312.992 312.994 312.996 312.997 312.998 312.999 312.999 312.999 312.999 313 313 313 313 313 313 313 313 313 313 313 313 313 313 313 313 313 313 313 312.999 312.999 312.999 312.998 312.997 312.996 312.994 312.991 312.985 312.976 312.96 312.935 312.893 312.823 312.709 312.526 312.238 311.798 311.157 310.267 309.095 307.639 305.93 304.041 302.077 300.157 298.396 296.881 295.66 294.736 294.08 293.64 293.362 293.196 293.102 293.051 293.024 293.01 293
293 293 293 293.003 293.011 293.038 293.111 293.28 293.621 294.22 295.15 296.445 298.08 299.966 301.98 303.985 305.859 307.517 308.911 310.032 310.897 311.541 312.007 312.333 312.558 312.709 312.81 312.876 312.92 312.948 312.966 312.978 312.986 312.99 312.994 312.996 312.997 312.998 312.999 312.999 312.999 313 313 313 313 313 313 313 313 313 313 313 313 313 313 313 313 313 313 313 313 313 313 313 313 313 312.999 312.999 312.998 312.997 312.996 312.993 312.989 312.981 312.967 312.944 312.904 312.834 312.717 312.521 312.208 311.727 311.027 310.059 308.796 307.24 305.436 303.471 301.464 299.545 297.829 296.394 295.27 294.446 293.877 293.508 293.281 293.149 293.075 293.036 293.015 293
293 293 293.001 293.006 293.021 293.068 293.186 293.44 293.919 294.708 295.867 297.398 299.233 301.255 303.317 305.284 307.049 308.552 309.77 310.717 311.425 311.937 312.295 312.54 312.703 312.81 312.879 312.924 312.952 312.969 312.981 312.988 312.992 312.995 312.997 312.998 312.999 312.999 312.999 313 313 313 313 313 313 313 313 313 313 313 313 313 313 313 313 313 313 313 313 313 313 313 313 313 313 313 313 313 312.999 312.999 312.998 312.997 312.995 312.991 312.984 312.972 312.949 312.908 312.835 312.707 312.492 312.144 311.61 310.836 309.773 308.397 306.723 304.813 302.775 300.743 298.855 297.218 295.891 294.886 294.171 293.693 293.392 293.212 293.109 293.053 293.022 293
293 293 293.003 293.011 293.04 293.117 293.297 293.66 294.3 295.297 296.684 298.426 300.42 302.522 304.578 306.462 308.09 309.426 310.473 311.26 311.83 312.23 312.503 312.684 312.801 312.876 312.924 312.953 312.971 312.982 312.989 312.993 312.996 312.997 312.998 312.999 312.999 313 313 313 313 313 313 313 313 313 313 313 313 313 313 313 313 313 313 313 313 313 313 313 313 313 313 313 313 313 313 313 313 313 312.999 312.999 312.998 312.996 312.993 312.986 312.974 312.951 312.907 312.826 312.682 312.438 312.044 311.442 310.572 309.387 307.874 306.065 304.05 301.959 299.939 298.121 296.597 295.404 294.529 293.926 293.535 293.295 293.156 293.077 293.032 293
293 293 293.005 293.022 293.07 293.191 293.454 293.95 294.773 295.985 297.587 299.507 301.61 303.737 305.74 307.507 308.981 310.15 311.037 311.682 312.137 312.446 312.651 312.784 312.868 312.92 312.952 312.971 312.983 312.99 312.994 312.996 312.998 312.999 312.999 312.999 313 313 313 313 313 313 313 313 313 313 313 313 313 313 313 313 313 313 313 313 313 313 313 313 313 313 313 313 313 313 313 313 313 313 313 312.999 312.999 312.998 312.997 312.993 312.987 312.974 312.948 312.899 312.806 312.639 312.356 311.9 311.204 310.208 308.873 307.205 305.263 303.165 301.058 299.092 297.385 296.002 294.955 294.212 293.716 293.404 293.217 293.109 293.046 293
293 293 293.01 293.039 293.117 293.299 293.668 294.321 295.342 296.768 298.562 300.618 302.779 304.882 306.79 308.418 309.732 310.741 311.482 312.007 312.365 312.603 312.756 312.852 312.912 312.948 312.969 312.982 312.99 312.994 312.996 312.998 312.999 312.999 313 313 313 313 313 313 313 313 313 313 313 313 313 313 313 313 313 313 313 313 313 313 313 313 313 313 313 313 313 313 313 313 313 313 313 313 313 313 313 312.999 312.998 312.997 312.994 312.987 312.972 312.943 312.884 312.773 312.575 312.236 311.692 310.874 309.723 308.219 306.393 304.338 302.194 300.117 298.248 296.681 295.455 294.558 293.941 293.542 293.297 293.153 293.065 293
293 293 293.019 293.068 293.188 293.451 293.949 294.779 296.006 297.635 299.592 301.739 303.908 305.943 307.728 309.203 310.356 311.216 311.831 312.253 312.534 312.715 312.829 312.899 312.941 312.966 312.981 312.989 312.994 312.996 312.998 312.999 312.999 313 313 313 313 313 313 313 313 313 313 313 313 313 313 313 313 313 313 313 313 313 313 313 313 313 313 313 313 313 313 313 313 313 313 313 313 313 313 313 313 313 312.999 312.999 312.997 312.993 312.985 312.968 312.932 312.86 312.724 312.477 312.061 311.402 310.432 309.107 307.429 305.462 303.328 301.181 299.177 297.438 296.031 294.968 294.216 293.715 293.4 293.209 293.09 293
293 293 293.034 293.111 293.29 293.654 294.303 295.325 296.759 298.572 300.654 302.847 304.981 306.914 308.556 309.871 310.871 311.597 312.101 312.439 312.658 312.796 312.88 312.931 312.961 312.978 312.988 312.993 312.996 312.998 312.999 312.999 313 313 313 313 313 313 313 313 313 313 313 313 313 313 313 313 313 313 313 313 313 313 313 313 313 313 313 313 313 313 313 313 313 313 313 313 313 313 313 313 313 313 313 312.999 312.999 312.997 312.992 312.983 312.961 312.915 312.823 312.647 312.335 311.815 311.015 309.872 308.363 306.52 304.44 302.266 300.159 298.264 296.68 295.444 294.543 293.926 293.528 293.28 293.122 293
293 293 293.056 293.174 293.427 293.912 294.73 295.952 297.584 299.555 301.725 303.921 305.983 307.79 309.279 310.437 311.294 311.9 312.311 312.579 312.749 312.854 312.916 312.953 312.974 312.986 312.992 312.996 312.998 312.999 312.999 313 313 313 313 313 313 313 313 313 313 313 313 313 313 313 313 313 313 313 313 313 313 313 313 313 313 313 313 313 313 313 313 313 313 313 313 313 313 313 313 313 313 313 313 313 312.999 312.998 312.996 312.991 312.978 312.949 312.888 312.765 312.535 312.133 311.486 310.521 309.191 307.499 305.51 303.349 301.174 299.147 297.393 295.982 294.922 294.177 293.683 293.367 293.162 293
293 293 293.087 293.258 293.603 294.227 295.225 296.645 298.459 300.556 302.775 304.94 306.903 308.57 309.902 310.911 311.638 312.14 312.472 312.684 312.816 312.895 312.941 312.967 312.982 312.99 312.995 312.997 312.999 312.999 313 313 313 313 313 313 313 313 313 313 313 313 313 313 313 313 313 313 313 313 313 313 313 313 313 313 313 313 313 313 313 313 313 313 313 313 313 313 313 313 313 313 313 313 313 313 313 312.999 312.998 312.995 312.988 312.97 312.93 312.845 312.679 312.375 311.862 311.062 309.912 308.387 306.519 304.406 302.198 300.066 298.158 296.573 295.349 294.466 293.865 293.472 293.209 293
293 293 293.128 293.366 293.817 294.592 295.775 297.384 299.355 301.546 303.78 305.885 307.731 309.252 310.433 311.304 311.916 312.329 312.596 312.763 312.864 312.924 312.958 312.977 312.988 312.994 312.997 312.998 312.999 313 313 313 313 313 313 313 313 313 313 313 313 313 313 313 313 313 313 313 313 313 313 313 313 313 313 313 313 313 313 313 313 313 313 313 313 313 313 313 313 313 313 313 313 313 313 313 313 313 312.999 312.997 312.993 312.982 312.957 312.9 312.781 312.555 312.156 311.505 310.528 309.174 307.446 305.412 303.205 300.996 298.953 297.205 295.817 294.789 294.073 293.593 293.265 293
293 293 293.18 293.496 294.064 294.996 296.36 298.142 300.244 302.497 304.716 306.74 308.462 309.838 310.879 311.626 312.139 312.477 312.691 312.822 312.9 312.945 312.97 312.984 312.992 312.996 312.998 312.999 312.999 313 313 313 313 313 313 313 313 313 313 313 313 313 313 313 313 313 313 313 313 313 313 313 313 313 313 313 313 313 313 313 313 313 313 313 313 313 313 313 313 313 313 313 313 313 313 313 313 313 313 312.999 312.996 312.99 312.974 312.936 312.853 312.688 312.382 311.861 311.042 309.856 308.278 306.345 304.168 301.912 299.758 297.86 296.312 295.138 294.301 293.729 293.328 293
293 293 293.242 293.645 294.337 295.427 296.96 298.895 301.098 303.385 305.567 307.497 309.093 310.334 311.247 311.887 312.316 312.592 312.763 312.866 312.926 312.96 312.979 312.989 312.994 312.997 312.999 312.999 313 313 313 313 313 313 313 313 313 313 313 313 313 313 313 313 313 313 313 313 313 313 313 313 313 313 313 313 313 313 313 313 313 313 313 313 313 313 313 313 313 313 313 313 313 313 313 313 313 313 313 312.999 312.998 312.994 312.984 312.959 312.903 312.784 312.553 312.14 311.461 310.433 309.007 307.189 305.064 302.788 300.547 298.518 296.822 295.504 294.546 293.875 293.397 293
293 293 293.312 293.808 294.626 295.867 297.556 299.619 301.898 304.194 306.323 308.155 309.629 310.745 311.547 312.096 312.455 312.681 312.818 312.899 312.945 312.971 312.985 312.992 312.996 312.998 312.999 313 313 313 313 313 313 313 313 313 313 313 313 313 313 313 313 313 313 313 313 313 313 313 313 313 313 313 313 313 313 313 313 313 313 313 313 313 313 313 313 313 313 313 313 313 313 313 313 313 313 313 313 313 312.999 312.997 312.991 312.975 312.936 312.852 312.679 312.354 311.795 310.91 309.629 307.931 305.877 303.604 301.302 299.163 297.331 295.878 294.799 294.03 293.47 293
293 293 293.387 293.98 294.923 296.306 298.132 300.3 302.63 304.916 306.982 308.715 310.076 311.083 311.788 312.26 312.563 312.749 312.859 312.923 312.959 312.979 312.989 312.994 312.997 312.999 312.999 313 313 313 313 313 313 313 313 313 313 313 313 313 313 313 313 313 313 313 313 313 313 313 313 313 313 313 313 313 313 313 313 313 313 313 313 313 313 313 313 313 313 313 313 313 313 313 313 313 313 313 313 313 312.999 312.998 312.994 312.984 312.959 312.899 312.77 312.515 312.056 311.295 310.148 308.57 306.597 304.347 302.007 299.78 297.83 296.253 295.058 294.19 293.546 293
293 293 293.467 294.159 295.222 296.737 298.682 300.933 303.292 305.553 307.55 309.188 310.446 311.356 311.981 312.389 312.646 312.8 312.89 312.941 312.969 312.984 312.992 312.996 312.998 312.999 313 313 313 313 313 313 313 313 313 313 313 313 313 313 313 313 313 313 313 313 313 313 313 313 313 313 313 313 313 313 313 313 313 313 313 313 313 313 313 313 313 313 313 313 313 313 313 313 313 313 313 313 313 313 313 312.999 312.997 312.99 312.973 312.931 312.834 312.634 312.255 311.6 310.573 309.111 307.226 305.016 302.659 300.364 298.314 296.623 295.318 294.353 293.624 293
293 293 293.551 294.343 295.523 297.158 299.205 301.518 303.889 306.114 308.039 309.586 310.751 311.577 312.133 312.49 312.709 312.839 312.913 312.954 312.976 312.988 312.994 312.997 312.999 312.999 313 313 313 313 313 313 313 313 313 313 313 313 313 313 313 313 313 313 313 313 313 313 313 313 313 313 313 313 313 313 313 313 313 313 313 313 313 313 313 313 313 313 313 313 313 313 313 313 313 313 313 313 313 313 313 312.999 312.998 312.994 312.982 312.952 312.88 312.721 312.406 311.839 310.919 309.567 307.773 305.615 303.26 300.917 298.782 296.987 295.578 294.517 293.704 293
293 293 293.64 294.533 295.825 297.569 299.702 302.06 304.429 306.609 308.461 309.922 311.003 311.756 312.254 312.568 312.758 312.868 312.93 312.964 312.982 312.991 312.996 312.998 312.999 313 313 313 313 313 313 313 313 313 313 313 313 313 313 313 313 313 313 313 313 313 313 313 313 313 313 313 313 313 313 313 313 313 313 313 313 313 313 313 313 313 313 313 313 313 313 313 313 313 313 313 313 313 313 313 313 313 312.999 312.996 312.988 312.966 312.911 312.783 312.52 312.028 311.202 309.954 308.252 306.156 303.816 301.439 299.232 297.344 295.837 294.683 293.784 293
293 293 293.731 294.726 296.124 297.966 300.17 302.56 304.916 307.046 308.825 310.207 311.212 311.902 312.351 312.63 312.796 312.891 312.943 312.971 312.986 312.993 312.997 312.998 312.999 313 313 313 313 313 313 313 313 313 313 313 313 313 313 313 313 313 313 313 313 313 313 313 313 313 313 313 313 313 313 313 313 313 313 313 313 313 313 313 313 313 313 313 313 313 313 313 313 313 313 313 313 313 313 313 313 313 312.999 312.998 312.992 312.976 312.933 312.829 312.607 312.179 311.438 310.286 308.675 306.644 304.327 301.928 299.66 297.688 296.088 294.845 293.864 293
293 293 293.822 294.914 296.411 298.339 300.602 303.012 305.349 307.428 309.138 310.447 311.386 312.022 312.429 312.679 312.825 312.908 312.953 312.976 312.988 312.994 312.997 312.999 312.999 313 313 313 313 313 313 313 313 313 313 313 313 313 313 313 313 313 313 313 313 313 313 313 313 313 313 313 313 313 313 313 313 313 313 313 313 313 313 313 313 313 313 313 313 313 313 313 313 313 313 313 313 313 313 313 313 313 313 312.998 312.995 312.982 312.948 312.864 312.676 312.301 311.634 310.57 309.045 307.078 304.789 302.376 300.056 298.009 296.326 295 293.939 293
293 293 293.907 295.087 296.671 298.674 300.985 303.407 305.722 307.754 309.402 310.647 311.529 312.119 312.492 312.718 312.848 312.921 312.96 312.98 312.99 312.995 312.998 312.999 313 313 313 313 313 313 313 313 313 313 313 313 313 313 313 313 313 313 313 313 313 313 313 313 313 313 313 313 313 313 313 313 313 313 313 313 313 313 313 313 313 313 313 313 313 313 313 313 313 313 313 313 313 313 313 313 313 313 313 312.999 312.996 312.987 312.96 312.89 312.73 312.4 311.797 310.809 309.36 307.453 305.192 302.77 300.409 298.298 296.541 295.14 294.008 293
293 293 293.981 295.236 296.893 298.956 301.305 303.736 306.031 308.022 309.618 310.81 311.645 312.196 312.542 312.748 312.866 312.931 312.965 312.983 312.992 312.996 312.998 312.999 313 313 313 313 313 313 313 313 313 313 313 313 313 313 313 313 313 313 313 313 313 313 313 313 313 313 313 313 313 313 313 313 313 313 313 313 313 313 313 313 313 313 313 313 313 313 313 313 313 313 313 313 313 313 313 313 313 313 313 312.999 312.997 312.99 312.968 312.91 312.772 312.479 311.928 311.003 309.618 307.761 305.526 303.099 300.706 298.543 296.725 295.262 294.068 293
293 293 294.039 295.354 297.069 299.18 301.557 303.994 306.274 308.232 309.787 310.937 311.735 312.257 312.58 312.772 312.88 312.939 312.97 312.985 312.993 312.997 312.999 312.999 313 313 313 313 313 313 313 313 313 313 313 313 313 313 313 313 313 313 313 313 313 313 313 313 313 313 313 313 313 313 313 313 313 313 313 313 313 313 313 313 313 313 313 313 313 313 313 313 313 313 313 313 313 313 313 313 313 313 313 312.999 312.998 312.992 312.974 312.925 312.803 312.539 312.028 311.152 309.817 308.001 305.788 303.359 300.942 298.74 296.874 295.36 294.117 293
293 293 294.083 295.442 297.199 299.345 301.744 304.186 306.454 308.388 309.913 311.032 311.802 312.302 312.609 312.789 312.89 312.945 312.973 312.987 312.994 312.997 312.999 312.999 313 313 313 313 313 313 313 313 313 313 313 313 313 313 313 313 313 313 313 313 313 313 313 313 313 313 313 313 313 313 313 313 313 313 313 313 313 313 313 313 313 313 313 313 313 313 313 313 313 313 313 313 313 313 313 313 313 313 313 313 312.998 312.994 312.979 312.936 312.826 312.582 312.1 311.26 309.962 308.176 305.98 303.551 301.118 298.888 296.987 295.436 294.155 293
293 293 294.113 295.503 297.29 299.46 301.874 304.319 306.579 308.497 310.002 311.1 311.851 312.335 312.63 312.802 312.898 312.949 312.975 312.988 312.995 312.998 312.999 313 313 313 313 313 313 313 313 313 313 313 313 313 313 313 313 313 313 313 313 313 313 313 313 313 313 313 313 313 313 313 313 313 313 313 313 313 313 313 313 313 313 313 313 313 313 313 313 313 313 313 313 313 313 313 313 313 313 313 313 313 312.999 312.995 312.982 312.943 312.841 312.611 312.148 311.333 310.061 308.296 306.113 303.686 301.242 298.993 297.068 295.49 294.182 293
293 293 294.132 295.542 297.348 299.534 301.959 304.407 306.662 308.57 310.061 311.145 311.883 312.357 312.644 312.811 312.903 312.952 312.977 312.989 312.995 312.998 312.999 313 313 313 313 313 313 313 313 313 313 313 313 313 313 313 313 313 313 313 313 313 313 313 313 313 313 313 313 313 313 313 313 313 313 313 313 313 313 313 313 313 313 313 313 313 313 313 313 313 313 313 313 313 313 313 313 313 313 313 313 313 312.999 312.996 312.984 312.947 312.851 312.629 312.179 311.38 310.124 308.374 306.199 303.773 301.324 299.063 297.122 295.527 294.201 293
293 293 294.144 295.566 297.383 299.579 302.01 304.46 306.713 308.615 310.098 311.174 311.904 312.371 312.654 312.817 312.906 312.954 312.978 312.99 312.995 312.998 312.999 313 313 313 313 313 313 313 313 313 313 313 313 313 313 313 313 313 313 313 313 313 313 313 313 313 313 313 313 313 313 313 313 313 313 313 313 313 313 313 313 313 313 313 313 313 313 313 313 313 313 313 313 313 313 313 313 313 313 313 313 313 312.999 312.996 312.985 312.95 312.857 312.64 312.198 311.407 310.16 308.418 306.248 303.823 301.371 299.104 297.155 295.549 294.212 293
293 293 294.15 295.578 297.402 299.602 302.037 304.488 306.74 308.639 310.118 311.19 311.916 312.379 312.659 312.82 312.908 312.955 312.979 312.99 312.996 312.998 312.999 313 313 313 313 313 313 313 313 313 313 313 313 313 313 313 313 313 313 313 313 313 313 313 313 313 313 313 313 313 313 313 313 313 313 313 313 313 313 313 313 313 313 313 313 313 313 313 313 313 313 313 313 313 313 313 313 313 313 313 313 313 312.999 312.996 312.985 312.951 312.86 312.645 312.207 311.42 310.177 308.437 306.269 303.843 301.39 299.12 297.168 295.558 294.217 293
293 293 294.152 295.583 297.407 299.609 302.043 304.493 306.745 308.644 310.123 311.194 311.92 312.382 312.662 312.822 312.909 312.956 312.979 312.99 312.996 312.998 312.999 313 313 313 313 313 313 313 313 313 313 313 313 313 313 313 313 313 313 313 313 313 313 313 313 313 313 313 313 313 313 313 313 313 313 313 313 313 313 313 313 313 313 313 313 313 313 313 313 313 313 313 313 313 313 313 313 313 313 313 313 313 312.999 312.996 312.986 312.952 312.861 312.647 312.208 311.42 310.174 308.431 306.259 303.833 301.38 299.112 297.162 295.555 294.215 293
293 293 294.15 295.578 297.398 299.595 302.025 304.474 306.727 308.629 310.112 311.187 311.915 312.38 312.661 312.821 312.909 312.956 312.979 312.99 312.996 312.998 312.999 313 313 313 313 313 313 313 313 313 313 313 313 313 313 313 313 313 313 313 313 313 313 313 313 313 313 313 313 313 313 313 313 313 313 313 313 313 313 313 313 313 313 313 313 313 313 313 313 313 313 313 313 313 313 313 313 313 313 313 313 313 312.999 312.996 312.986 312.952 312.86 312.644 312.2 311.404 310.147 308.393 306.213 303.784 301.334 299.074 297.134 295.537 294.206 293
293 293 294.143 295.56 297.369 299.553 301.974 304.42 306.676 308.585 310.078 311.163 311.9 312.371 312.656 312.819 312.908 312.955 312.979 312.99 312.996 312.998 312.999 313 313 313 313 313 313 313 313 313 313 313 313 313 313 313 313 313 313 313 313 313 313 313 313 313 313 313 313 313 313 313 313 313 313 313 313 313 313 313 313 313 313 313 313 313 313 313 313 313 313 313 313 313 313 313 313 313 313 313 313 313 312.999 312.996 312.985 312.951 312.856 312.634 312.178 311.365 310.086 308.312 306.118 303.685 301.242 298.998 297.077 295.499 294.188 293
293 293 294.126 295.522 297.307 299.469 301.875 304.316 306.578 308.503 310.015 311.118 311.871 312.353 312.645 312.813 312.905 312.954 312.978 312.99 312.996 312.998 312.999 313 313 313 313 313 313 313 313 313 313 313 313 313 313 313 313 313 313 313 313 313 313 313 313 313 313 313 313 313 313 313 313 313 313 313 313 313 313 313 313 313 313 313 313 313 313 313 313 313 313 313 313 313 313 313 313 313 313 313 313 313 312.999 312.996 312.984 312.947 312.847 312.613 312.137 311.293 309.98 308.173 305.959 303.523 301.094 298.875 296.985 295.44 294.158 293
293 293 294.095 295.456 297.202 299.329 301.711 304.146 306.42 308.369 309.911 311.044 311.821 312.323 312.627 312.803 312.9 312.951 312.977 312.989 312.995 312.998 312.999 313 313 313 313 313 313 313 313 313 313 313 313 313 313 313 313 313 313 313 313 313 313 313 313 313 313 313 313 313 313 313 313 313 313 313 313 313 313 313 313 313 313 313 313 313 313 313 313 313 313 313 313 313 313 313 313 313 313 313 313 313 312.999 312.995 312.982 312.942 312.832 312.579 312.071 311.183 309.821 307.97 305.73 303.292 300.885 298.703 296.857 295.356 294.117 293
293 293 294.047 295.355 297.046 299.124 301.473 303.9 306.19 308.174 309.759 310.935 311.748 312.277 312.6 312.788 312.892 312.947 312.975 312.988 312.995 312.998 312.999 313 313 313 313 313 313 313 313 313 313 313 313 313 313 313 313 313 313 313 313 313 313 313 313 313 313 313 313 313 313 313 313 313 313 313 313 313 313 313 313 313 313 313 313 313 313 313 313 313 313 313 313 313 313 313 313 313 313 313 313 313 312.999 312.995 312.979 312.932 312.809 312.528 311.977 311.032 309.606 307.702 305.432 302.995 300.616 298.483 296.694 295.25 294.066 293
293 293 293.983 295.22 296.838 298.852 301.159 303.574 305.884 307.911 309.552 310.784 311.647 312.212 312.562 312.767 312.881 312.941 312.972 312.987 312.994 312.998 312.999 313 313 313 313 313 313 313 313 313 313 313 313 313 313 313 313 313 313 313 313 313 313 313 313 313 313 313 313 313 313 313 313 313 313 313 313 313 313 313 313 313 313 313 313 313 313 313 313 313 313 313 313 313 313 313 313 313 313 313 313 313 312.998 312.993 312.975 312.919 312.777 312.462 311.856 310.839 309.339 307.374 305.072 302.639 300.298 298.223 296.502 295.126 294.005 293
293 293 293.904 295.056 296.586 298.52 300.772 303.169 305.5 307.578 309.287 310.588 311.512 312.126 312.51 312.737 312.864 312.933 312.968 312.985 312.993 312.997 312.999 312.999 313 313 313 313 313 313 313 313 313 313 313 313 313 313 313 313 313 313 313 313 313 313 313 313 313 313 313 313 313 313 313 313 313 313 313 313 313 313 313 313 313 313 313 313 313 313 313 313 313 313 313 313 313 313 313 313 313 313 313 313 312.998 312.991 312.969 312.902 312.736 312.377 311.705 310.607 309.022 306.992 304.659 302.236 299.941 297.934 296.289 294.988 293.938 293
293 293 293.815 294.871 296.3 298.14 300.325 302.695 305.042 307.174 308.959 310.342 311.34 312.013 312.44 312.697 312.842 312.921 312.962 312.982 312.992 312.997 312.999 312.999 313 313 313 313 313 313 313 313 313 313 313 313 313 313 313 313 313 313 313 313 313 313 313 313 313 313 313 313 313 313 313 313 313 313 313 313 313 313 313 313 313 313 313 313 313 313 313 313 313 313 313 313 313 313 313 313 313 313 313 312.999 312.997 312.989 312.96 312.879 312.682 312.27 311.521 310.33 308.654 306.557 304.198 301.794 299.553 297.623 296.062 294.842 293.866 293
293 293 293.722 294.675 295.992 297.726 299.829 302.158 304.513 306.698 308.564 310.039 311.124 311.869 312.35 312.643 312.812 312.905 312.954 312.978 312.99 312.996 312.998 312.999 313 313 313 313 313 313 313 313 313 313 313 313 313 313 313 313 313 313 313 313 313 313 313 313 313 313 313 313 313 313 313 313 313 313 313 313 313 313 313 313 313 313 313 313 313 313 313 313 313 313 313 313 313 313 313 313 313 313 313 312.999 312.996 312.985 312.948 312.847 312.61 312.133 311.293 309.998 308.227 306.065 303.688 301.314 299.139 297.296 295.826 294.69 293.793 293
293 293 293.628 294.475 295.673 297.289 299.294 301.565 303.917 306.148 308.097 309.672 310.856 311.686 312.233 312.572 312.772 312.883 312.942 312.973 312.987 312.994 312.998 312.999 313 313 313 313 313 313 313 313 313 313 313 313 313 313 313 313 313 313 313 313 313 313 313 313 313 313 313 313 313 313 313 313 313 313 313 313 313 313 313 313 313 313 313 313 313 313 313 313 313 313 313 313 313 313 313 313 313 313 313 312.999 312.994 312.979 312.929 312.801 312.513 311.953 311.007 309.596 307.726 305.506 303.124 300.795 298.701 296.955 295.582 294.536 293.718 293
293 293 293.537 294.277 295.352 296.838 298.728 300.923 303.253 305.519 307.549 309.23 310.525 311.455 312.081 312.479 312.717 312.853 312.927 312.965 312.984 312.993 312.997 312.999 312.999 313 313 313 313 313 313 313 313 313 313 313 313 313 313 313 313 313 313 313 313 313 313 313 313 313 313 313 313 313 313 313 313 313 313 313 313 313 313 313 313 313 313 313 313 313 313 313 313 313 313 313 313 313 313 313 313 313 313 312.998 312.991 312.968 312.901 312.733 312.376 311.716 310.644 309.108 307.14 304.873 302.503 300.237 298.24 296.601 295.333 294.38 293.643 293
